Specimen Spectra

0.000000e+00	1.496381e+00
5.008347e-03	2.985811e+00
1.001669e-02	5.352989e+00
1.502504e-02	9.105023e+00
2.003339e-02	1.478004e+01
2.504174e-02	2.298925e+01
3.005008e-02	3.435944e+01
3.505843e-02	4.945350e+01
4.006678e-02	6.867576e+01
4.507513e-02	9.257424e+01
5.008347e-02	1.202398e+02
5.509182e-02	1.516177e+02
6.010017e-02	1.860110e+02
6.510851e-02	2.225628e+02
7.011686e-02	2.603824e+02
7.512521e-02	2.986703e+02
8.013356e-02	3.368175e+02
8.514190e-02	3.744643e+02
9.015025e-02	4.115105e+02
9.515860e-02	4.480943e+02
1.001669e-01	4.845321e+02
1.051753e-01	5.212466e+02
1.101836e-01	5.586947e+02
1.151920e-01	5.972952e+02
1.202003e-01	6.373695e+02
1.252087e-01	6.790976e+02
1.302170e-01	7.224989e+02
1.352254e-01	7.674369e+02
1.402337e-01	8.136531e+02
1.452421e-01	8.609136e+02
1.502504e-01	9.087003e+02
1.552588e-01	9.566159e+02
1.602671e-01	1.004274e+03
1.652755e-01	1.051318e+03
1.702838e-01	1.097425e+03
1.752922e-01	1.142305e+03
1.803005e-01	1.185699e+03
1.853088e-01	1.227765e+03
1.903172e-01	1.267482e+03
1.953255e-01	1.305006e+03
2.003339e-01	1.340123e+03
2.053422e-01	1.456859e+03
2.103506e-01	1.556793e+03
2.153589e-01	1.701594e+03
2.203673e-01	1.914272e+03
2.253756e-01	2.222786e+03
2.303840e-01	2.657279e+03
2.353923e-01	3.244937e+03
2.404007e-01	4.002604e+03
2.454090e-01	4.928248e+03
2.504174e-01	5.993248e+03
2.554257e-01	7.138150e+03
2.604341e-01	8.274393e+03
2.654424e-01	9.293362e+03
2.704508e-01	1.008215e+04
2.754591e-01	1.054317e+04
2.804674e-01	1.061294e+04
2.854758e-01	1.027529e+04
2.904841e-01	9.565019e+03
2.954925e-01	8.561171e+03
3.005008e-01	7.371632e+03
3.055092e-01	6.113306e+03
3.105175e-01	4.892917e+03
3.155259e-01	3.792723e+03
3.205342e-01	2.863472e+03
3.255426e-01	2.124636e+03
3.305509e-01	1.570120e+03
3.355593e-01	1.176894e+03
3.405676e-01	9.135888e+02
3.455760e-01	7.476713e+02
3.505843e-01	6.501026e+02
3.555927e-01	5.253270e+02
3.606010e-01	5.363795e+02
3.656093e-01	5.474248e+02
3.706177e-01	5.576369e+02
3.756260e-01	5.669433e+02
3.806344e-01	5.757358e+02
3.856427e-01	5.831758e+02
3.906511e-01	5.897369e+02
3.956594e-01	5.955245e+02
4.006678e-01	6.006804e+02
4.056761e-01	6.053685e+02
4.106845e-01	6.097571e+02
4.156928e-01	6.139948e+02
4.207012e-01	6.182002e+02
4.257095e-01	6.224481e+02
4.307179e-01	6.267647e+02
4.357262e-01	6.311299e+02
4.407346e-01	7.310582e+02
4.457429e-01	8.068090e+02
4.507513e-01	9.255522e+02
4.557596e-01	1.105902e+03
4.607679e-01	1.370357e+03
4.657763e-01	1.743380e+03
4.707846e-01	2.248269e+03
4.757930e-01	2.902533e+03
4.808013e-01	3.712275e+03
4.858097e-01	4.666546e+03
4.908180e-01	5.732990e+03
4.958264e-01	6.856504e+03
5.008347e-01	7.961846e+03
5.058431e-01	8.960831e+03
5.108514e-01	9.763406e+03
5.158598e-01	1.029080e+04
5.208681e-01	1.048814e+04
5.258765e-01	1.033374e+04
5.308848e-01	9.842881e+03
5.358932e-01	9.065243e+03
5.409015e-01	8.076888e+03
5.459098e-01	6.966378e+03
5.509182e-01	5.824011e+03
5.559265e-01	4.728463e+03
5.609349e-01	3.739474e+03
5.659432e-01	2.893109e+03
5.709516e-01	2.204303e+03
5.759599e-01	1.669547e+03
5.809683e-01	1.272729e+03
5.859766e-01	9.908790e+02
5.909850e-01	7.990749e+02
5.959933e-01	6.739458e+02
6.010017e-01	5.956775e+02
6.060100e-01	4.891760e+02
6.110184e-01	4.898709e+02
6.160267e-01	4.905359e+02
6.210351e-01	4.911842e+02
6.260434e-01	4.917082e+02
6.310518e-01	4.921099e+02
6.360601e-01	4.923931e+02
6.410684e-01	4.925615e+02
6.460768e-01	4.926186e+02
6.510851e-01	4.925676e+02
6.560935e-01	4.924116e+02
6.611018e-01	4.921537e+02
6.661102e-01	4.917970e+02
6.711185e-01	4.913442e+02
6.761269e-01	4.907985e+02
6.811352e-01	4.901627e+02
6.861436e-01	4.894398e+02
6.911519e-01	4.886329e+02
6.961603e-01	4.877451e+02
7.011686e-01	4.867792e+02
7.061770e-01	4.857382e+02
7.111853e-01	4.846250e+02
7.161937e-01	4.834425e+02
7.212020e-01	4.821934e+02
7.262104e-01	4.808806e+02
7.312187e-01	4.798108e+02
7.362270e-01	4.783825e+02
7.412354e-01	4.768983e+02
7.462437e-01	4.753607e+02
7.512521e-01	4.737720e+02
7.562604e-01	4.723923e+02
7.612688e-01	4.707099e+02
7.662771e-01	4.689831e+02
7.712855e-01	4.672138e+02
7.762938e-01	4.654040e+02
7.813022e-01	4.635560e+02
7.863105e-01	4.616714e+02
7.913189e-01	4.597522e+02
7.963272e-01	4.578001e+02
8.013356e-01	4.558167e+02
8.063439e-01	4.538036e+02
8.113523e-01	4.517625e+02
8.163606e-01	4.496950e+02
8.213689e-01	4.476023e+02
8.263773e-01	4.454862e+02
8.313856e-01	4.433482e+02
8.363940e-01	4.411899e+02
8.414023e-01	4.390125e+02
8.464107e-01	4.368175e+02
8.514190e-01	4.346063e+02
8.564274e-01	4.323802e+02
8.614357e-01	4.301406e+02
8.664441e-01	4.278886e+02
8.714524e-01	4.256255e+02
8.764608e-01	4.233527e+02
8.814691e-01	4.210713e+02
8.864775e-01	4.187826e+02
8.914858e-01	4.164874e+02
8.964942e-01	4.141870e+02
9.015025e-01	4.118821e+02
9.065109e-01	4.095737e+02
9.115192e-01	4.072626e+02
9.165275e-01	4.049493e+02
9.215359e-01	4.026346e+02
9.265442e-01	4.003192e+02
9.315526e-01	3.980036e+02
9.365609e-01	3.959461e+02
9.415693e-01	3.936331e+02
9.465776e-01	3.913209e+02
9.515860e-01	3.890100e+02
9.565943e-01	3.867008e+02
9.616027e-01	3.845861e+02
9.666110e-01	3.822821e+02
9.716194e-01	3.799810e+02
9.766277e-01	3.776833e+02
9.816361e-01	3.753896e+02
9.866444e-01	3.731004e+02
9.916528e-01	3.708163e+02
9.966611e-01	3.685377e+02
1.001669e+00	3.662651e+02
1.006678e+00	3.639991e+02
1.011686e+00	3.617399e+02
1.016694e+00	3.594879e+02
1.021703e+00	3.572435e+02
1.026711e+00	3.550068e+02
1.031720e+00	3.527783e+02
1.036728e+00	3.505578e+02
1.041736e+00	3.483457e+02
1.046745e+00	3.461420e+02
1.051753e+00	3.439466e+02
1.056761e+00	3.417597e+02
1.061770e+00	3.395810e+02
1.066778e+00	3.374106e+02
1.071786e+00	3.352484e+02
1.076795e+00	3.330942e+02
1.081803e+00	3.309480e+02
1.086811e+00	3.288095e+02
1.091820e+00	3.266787e+02
1.096828e+00	3.245556e+02
1.101836e+00	3.224402e+02
1.106845e+00	3.203325e+02
1.111853e+00	3.182329e+02
1.116861e+00	3.161415e+02
1.121870e+00	3.140588e+02
1.126878e+00	3.119850e+02
1.131886e+00	3.099206e+02
1.136895e+00	3.078658e+02
1.141903e+00	3.058211e+02
1.146912e+00	3.037867e+02
1.151920e+00	3.019554e+02
1.156928e+00	2.999431e+02
1.161937e+00	2.979416e+02
1.166945e+00	2.959511e+02
1.171953e+00	2.939715e+02
1.176962e+00	2.920029e+02
1.181970e+00	2.901827e+02
1.186978e+00	2.882359e+02
1.191987e+00	2.862999e+02
1.196995e+00	2.843744e+02
1.202003e+00	2.824592e+02
1.207012e+00	2.805543e+02
1.212020e+00	2.786595e+02
1.217028e+00	2.767747e+02
1.222037e+00	2.748998e+02
1.227045e+00	2.730346e+02
1.232053e+00	2.711791e+02
1.237062e+00	2.693332e+02
1.242070e+00	2.674969e+02
1.247078e+00	2.656702e+02
1.252087e+00	2.638529e+02
1.257095e+00	2.620452e+02
1.262104e+00	2.602471e+02
1.267112e+00	2.584586e+02
1.272120e+00	2.566798e+02
1.277129e+00	2.549108e+02
1.282137e+00	2.531516e+02
1.287145e+00	2.514023e+02
1.292154e+00	2.496630e+02
1.297162e+00	2.479337e+02
1.302170e+00	2.462143e+02
1.307179e+00	2.445050e+02
1.312187e+00	2.428057e+02
1.317195e+00	2.411164e+02
1.322204e+00	2.394371e+02
1.327212e+00	2.377678e+02
1.332220e+00	2.361084e+02
1.337229e+00	2.344589e+02
1.342237e+00	2.328194e+02
1.347245e+00	2.311896e+02
1.352254e+00	2.295696e+02
1.357262e+00	2.279593e+02
1.362270e+00	2.263587e+02
1.367279e+00	2.247678e+02
1.372287e+00	2.231864e+02
1.377295e+00	2.216145e+02
1.382304e+00	2.201898e+02
1.387312e+00	2.186372e+02
1.392321e+00	2.170940e+02
1.397329e+00	2.155600e+02
1.402337e+00	2.140352e+02
1.407346e+00	2.125195e+02
1.412354e+00	2.111076e+02
1.417362e+00	2.096099e+02
1.422371e+00	2.081210e+02
1.427379e+00	2.066408e+02
1.432387e+00	2.051692e+02
1.437396e+00	2.037061e+02
1.442404e+00	2.022513e+02
1.447412e+00	2.008047e+02
1.452421e+00	1.993663e+02
1.457429e+00	1.979354e+02
1.462437e+00	1.965108e+02
1.467446e+00	1.950929e+02
1.472454e+00	1.936812e+02
1.477462e+00	1.922752e+02
1.482471e+00	1.908739e+02
1.487479e+00	1.894764e+02
1.492487e+00	1.880815e+02
1.497496e+00	1.866879e+02
1.502504e+00	1.852939e+02
1.507513e+00	1.838980e+02
1.512521e+00	1.824987e+02
1.517529e+00	1.810943e+02
1.522538e+00	1.796837e+02
1.527546e+00	1.782659e+02
1.532554e+00	1.768406e+02
1.537563e+00	1.754080e+02
1.542571e+00	1.739692e+02
1.547579e+00	1.725258e+02
1.552588e+00	1.710806e+02
1.557596e+00	1.696366e+02
1.562604e+00	1.681976e+02
1.567613e+00	1.667675e+02
1.572621e+00	1.653502e+02
1.577629e+00	1.639495e+02
1.582638e+00	1.625687e+02
1.587646e+00	1.612104e+02
1.592654e+00	1.598764e+02
1.597663e+00	1.585680e+02
1.602671e+00	1.572853e+02
1.607679e+00	1.560280e+02
1.612688e+00	1.547950e+02
1.617696e+00	1.535848e+02
1.622705e+00	1.524905e+02
1.627713e+00	1.513206e+02
1.632721e+00	1.651996e+02
1.637730e+00	1.716979e+02
1.642738e+00	1.814244e+02
1.647746e+00	1.953936e+02
1.652755e+00	2.148520e+02
1.657763e+00	2.409944e+02
1.662771e+00	2.752699e+02
1.667780e+00	3.190335e+02
1.672788e+00	3.734735e+02
1.677796e+00	4.394482e+02
1.682805e+00	5.173045e+02
1.687813e+00	6.067044e+02
1.692821e+00	7.064728e+02
1.697830e+00	8.145004e+02
1.702838e+00	9.277238e+02
1.707846e+00	1.042203e+03
1.712855e+00	1.153304e+03
1.717863e+00	1.255982e+03
1.722871e+00	1.345492e+03
1.727880e+00	1.416586e+03
1.732888e+00	1.465549e+03
1.737896e+00	1.489575e+03
1.742905e+00	1.487261e+03
1.747913e+00	1.458739e+03
1.752922e+00	1.405669e+03
1.757930e+00	1.331080e+03
1.762938e+00	1.239084e+03
1.767947e+00	1.134504e+03
1.772955e+00	1.022458e+03
1.777963e+00	9.079515e+02
1.782972e+00	7.955182e+02
1.787980e+00	6.889468e+02
1.792988e+00	5.911119e+02
1.797997e+00	5.039111e+02
1.803005e+00	4.282997e+02
1.808013e+00	3.644025e+02
1.813022e+00	3.116763e+02
1.818030e+00	2.690973e+02
1.823038e+00	2.353485e+02
1.828047e+00	2.089877e+02
1.833055e+00	1.885849e+02
1.838063e+00	1.728226e+02
1.843072e+00	1.605583e+02
1.848080e+00	1.508544e+02
1.853088e+00	1.337674e+02
1.858097e+00	1.305395e+02
1.863105e+00	1.270785e+02
1.868114e+00	1.235008e+02
1.873122e+00	1.199791e+02
1.878130e+00	1.164866e+02
1.883139e+00	1.131645e+02
1.888147e+00	1.100712e+02
1.893155e+00	1.072433e+02
1.898164e+00	1.046975e+02
1.903172e+00	1.024333e+02
1.908180e+00	1.004753e+02
1.913189e+00	9.872201e+01
1.918197e+00	9.718277e+01
1.923205e+00	9.582567e+01
1.928214e+00	9.461913e+01
1.933222e+00	9.353377e+01
1.938230e+00	9.254362e+01
1.943239e+00	9.162670e+01
1.948247e+00	9.055870e+01
1.953255e+00	8.981277e+01
1.958264e+00	8.907195e+01
1.963272e+00	8.833619e+01
1.968280e+00	8.760544e+01
1.973289e+00	8.687964e+01
1.978297e+00	8.615884e+01
1.983306e+00	8.544306e+01
1.988314e+00	8.473236e+01
1.993322e+00	8.402679e+01
1.998331e+00	8.332641e+01
2.003339e+00	8.263129e+01
2.008347e+00	8.194148e+01
2.013356e+00	8.125703e+01
2.018364e+00	8.057799e+01
2.023372e+00	7.990440e+01
2.028381e+00	7.923627e+01
2.033389e+00	7.857360e+01
2.038397e+00	7.791634e+01
2.043406e+00	7.726443e+01
2.048414e+00	7.661777e+01
2.053422e+00	7.597621e+01
2.058431e+00	7.533960e+01
2.063439e+00	7.470772e+01
2.068447e+00	7.408037e+01
2.073456e+00	7.345733e+01
2.078464e+00	7.283839e+01
2.083472e+00	7.222332e+01
2.088481e+00	7.161191e+01
2.093489e+00	7.100394e+01
2.098497e+00	7.039924e+01
2.103506e+00	6.979761e+01
2.108514e+00	6.919891e+01
2.113523e+00	6.860298e+01
2.118531e+00	6.800972e+01
2.123539e+00	6.741904e+01
2.128548e+00	6.683085e+01
2.133556e+00	6.624510e+01
2.138564e+00	6.570048e+01
2.143573e+00	6.511936e+01
2.148581e+00	6.454053e+01
2.153589e+00	6.396394e+01
2.158598e+00	6.338957e+01
2.163606e+00	6.281738e+01
2.168614e+00	6.224737e+01
2.173623e+00	6.170236e+01
2.178631e+00	6.113657e+01
2.183639e+00	6.057292e+01
2.188648e+00	6.001142e+01
2.193656e+00	5.945206e+01
2.198664e+00	5.889484e+01
2.203673e+00	5.833976e+01
2.208681e+00	5.778684e+01
2.213689e+00	5.723606e+01
2.218698e+00	5.668746e+01
2.223706e+00	5.614103e+01
2.228715e+00	5.559679e+01
2.233723e+00	5.505475e+01
2.238731e+00	5.451491e+01
2.243740e+00	5.397729e+01
2.248748e+00	5.344187e+01
2.253756e+00	5.290868e+01
2.258765e+00	5.237770e+01
2.263773e+00	5.184892e+01
2.268781e+00	5.132233e+01
2.273790e+00	5.079791e+01
2.278798e+00	5.027565e+01
2.283806e+00	4.975552e+01
2.288815e+00	4.923749e+01
2.293823e+00	4.872153e+01
2.298831e+00	4.820761e+01
2.303840e+00	4.769572e+01
2.308848e+00	4.718583e+01
2.313856e+00	4.667791e+01
2.318865e+00	4.617198e+01
2.323873e+00	4.566801e+01
2.328881e+00	4.516602e+01
2.333890e+00	4.466602e+01
2.338898e+00	4.416803e+01
2.343907e+00	4.367206e+01
2.348915e+00	4.317814e+01
2.353923e+00	4.268629e+01
2.358932e+00	4.219654e+01
2.363940e+00	4.170891e+01
2.368948e+00	4.122341e+01
2.373957e+00	4.074007e+01
2.378965e+00	4.025886e+01
2.383973e+00	3.977980e+01
2.388982e+00	3.930286e+01
2.393990e+00	3.882802e+01
2.398998e+00	3.835524e+01
2.404007e+00	3.788448e+01
2.409015e+00	3.741569e+01
2.414023e+00	3.697166e+01
2.419032e+00	3.650655e+01
2.424040e+00	3.604324e+01
2.429048e+00	3.558165e+01
2.434057e+00	3.512174e+01
2.439065e+00	3.466344e+01
2.444073e+00	3.420670e+01
2.449082e+00	3.376179e+01
2.454090e+00	3.330789e+01
2.459098e+00	3.285541e+01
2.464107e+00	3.240432e+01
2.469115e+00	3.195460e+01
2.474124e+00	3.150623e+01
2.479132e+00	3.105921e+01
2.484140e+00	3.061353e+01
2.489149e+00	3.016920e+01
2.494157e+00	2.972622e+01
2.499165e+00	2.928460e+01
2.504174e+00	2.884436e+01
2.509182e+00	2.840550e+01
2.514190e+00	2.796805e+01
2.519199e+00	2.753203e+01
2.524207e+00	2.709743e+01
2.529215e+00	2.666430e+01
2.534224e+00	2.623263e+01
2.539232e+00	2.580244e+01
2.544240e+00	2.537374e+01
2.549249e+00	2.494655e+01
2.554257e+00	2.452087e+01
2.559265e+00	2.409674e+01
2.564274e+00	2.367415e+01
2.569282e+00	2.325312e+01
2.574290e+00	2.283364e+01
2.579299e+00	2.241570e+01
2.584307e+00	2.199929e+01
2.589316e+00	2.158438e+01
2.594324e+00	2.117092e+01
2.599332e+00	2.075888e+01
2.604341e+00	2.034817e+01
2.609349e+00	1.993870e+01
2.614357e+00	1.953036e+01
2.619366e+00	1.912303e+01
2.624374e+00	1.871667e+01
2.629382e+00	1.831116e+01
2.634391e+00	1.790636e+01
2.639399e+00	1.750214e+01
2.644407e+00	1.709839e+01
2.649416e+00	1.669503e+01
2.654424e+00	1.629199e+01
2.659432e+00	1.588928e+01
2.664441e+00	1.548695e+01
2.669449e+00	1.508518e+01
2.674457e+00	1.468422e+01
2.679466e+00	1.428440e+01
2.684474e+00	1.388621e+01
2.689482e+00	1.349021e+01
2.694491e+00	1.309710e+01
2.699499e+00	1.271801e+01
2.704508e+00	1.233307e+01
2.709516e+00	1.195370e+01
2.714524e+00	1.158091e+01
2.719533e+00	1.121575e+01
2.724541e+00	1.085924e+01
2.729549e+00	1.051234e+01
2.734558e+00	1.017595e+01
2.739566e+00	9.852933e+00
2.744574e+00	9.539695e+00
2.749583e+00	9.238851e+00
2.754591e+00	8.950698e+00
2.759599e+00	8.675350e+00
2.764608e+00	8.412740e+00
2.769616e+00	8.162624e+00
2.774624e+00	7.924601e+00
2.779633e+00	7.698127e+00
2.784641e+00	7.482536e+00
2.789649e+00	7.277073e+00
2.794658e+00	7.080912e+00
2.799666e+00	6.893187e+00
2.804674e+00	6.713012e+00
2.809683e+00	6.539502e+00
2.814691e+00	6.371796e+00
2.819699e+00	6.209067e+00
2.824708e+00	6.050539e+00
2.829716e+00	5.894499e+00
2.834725e+00	5.740961e+00
2.839733e+00	5.589221e+00
2.844741e+00	5.438617e+00
2.849750e+00	5.288528e+00
2.854758e+00	5.138365e+00
2.859766e+00	4.987570e+00
2.864775e+00	4.835609e+00
2.869783e+00	4.681977e+00
2.874791e+00	4.526186e+00
2.879800e+00	4.367701e+00
2.884808e+00	4.206148e+00
2.889816e+00	4.041203e+00
2.894825e+00	3.872613e+00
2.899833e+00	3.700219e+00
2.904841e+00	3.523983e+00
2.909850e+00	3.344007e+00
2.914858e+00	3.160562e+00
2.919866e+00	2.974099e+00
2.924875e+00	2.785242e+00
2.929883e+00	2.594825e+00
2.934891e+00	2.403873e+00
2.939900e+00	2.213573e+00
2.944908e+00	2.025240e+00
2.949917e+00	1.840278e+00
2.954925e+00	1.660127e+00
2.959933e+00	1.486216e+00
2.964942e+00	1.319899e+00
2.969950e+00	1.162409e+00
2.974958e+00	1.014807e+00
2.979967e+00	8.779375e-01
2.984975e+00	7.524067e-01
2.989983e+00	6.385656e-01
2.994992e+00	5.365094e-01
3.000000e+00	4.481707e-01
